Adult

0.5869304556354917	0.8107032178769566
0.5671484888304862	0.8089479723928407
0.5940654634444784	0.7959871220939833
0.582176996608079	0.8022149735197477
0.5935085007727976	0.7927578344690982

cic

0.48477611940298504	0.8170737445408016
0.48724905046120454	0.8213359862847417
0.49694749694749696	0.8215514760170689
0.48969982342554447	0.8170336999912403
0.4880883207437537	0.8242279535983782

creditcard

0.47220106626047226	0.7304496271692422
0.5076472502440612	0.7269653097021467
0.46854403834631514	0.7129269282677139
0.5074918566775244	0.7279032122031823
0.5022341376228776	0.7280236893652383

magic

0.8515548601603755	0.8453547939760713
0.8626988803771362	0.8421292701657389
0.8537360890302067	0.8446768427292797
0.8327800829875519	0.8489177780444842
0.8514774494556765	0.8273138467753822

sepsis

0.27301756253326237	0.8553949325619172
0.2895193977996526	0.8645022644893492
0.2890403180011358	0.8681516650938357
0.3286944996686547	0.8554346938207413
0.3371675053918044	0.8610855560529664

titanic
0.8965517241379309	0.98629414865577